StromalScore	ImmuneScore	ESTIMATEScore	TumorPurity
TCGA-AA-3854-01	-1014.38263821168	151.945330803259	-862.43730740842	0.88773658854752
TCGA-CM-6169-01	970.066422252256	1594.04599221451	2564.11241446676	0.555884940796153
TCGA-D5-6530-01	-569.62017999611	1128.29282653467	558.672646538558	0.773156043553859
TCGA-AA-A00F-01	-426.777798521889	86.084744503176	-340.693054018713	0.849912341852897
TCGA-A6-5659-01	-524.266220851455	-101.477965101677	-625.744185953132	0.871209680699637
TCGA-AA-3494-01	-941.580656645237	251.177683071717	-690.402973573521	0.875829686467703
TCGA-AA-A029-01	-1430.25892695319	-203.685652487685	-1633.94457944087	0.934072675264832
TCGA-AD-6888-01	-2001.41902986783	-327.183736917218	-2328.60276678505	0.96556879267056
TCGA-DM-A28M-01	-1829.19194619838	-355.197418378768	-2184.38936457715	0.959845834388591
TCGA-DM-A1D0-01	-1785.18988272698	-827.3485107797	-2612.53839350668	0.975569694532369
TCGA-AA-3544-01	185.238817836348	1562.80867454227	1748.04749237862	0.651239038163682
TCGA-F4-6805-01	613.513122278525	1018.09564672524	1631.60876900376	0.66411382590995
TCGA-F4-6569-01	1188.2537289491	1089.95050346108	2278.20423241018	0.590271520613509
TCGA-CM-5863-01	134.054032733192	481.997639926004	616.051672659196	0.767786952353662
TCGA-AA-A01S-01	-1692.73739856058	-553.249079401346	-2245.98647796193	0.962343026881722
TCGA-CM-6168-01	829.156149384771	1152.88298316943	1982.0391325542	0.624794860727695
TCGA-AD-6548-01	-78.2617812321311	1007.14821907565	928.886437843521	0.737566405880711
TCGA-AA-A00D-01	-30.9438569103198	1645.23357571695	1614.28971880663	0.666012333201257
TCGA-CA-5255-01	-1635.32451401919	-338.582764292619	-1973.90727831181	0.950721837248651
TCGA-A6-4105-01	24.9106323512661	1109.74555297259	1134.65618532385	0.716836677339481
TCGA-D5-6529-01	458.081429373634	1446.10402343931	1904.18545281294	0.633676737422295
TCGA-AZ-6601-01	99.6511846735519	1389.05458261784	1488.70576729139	0.679649265523797
TCGA-G4-6306-01	-1872.03590979331	48.3592945902251	-1823.67661520309	0.943654082469319
TCGA-A6-A566-01	1598.35350308055	1748.02153126177	3346.37503434232	0.456982771701036
TCGA-AY-4070-01	-670.01123325698	389.159508259405	-280.851724997575	0.845251104294982
TCGA-AA-3522-01	-1104.33901943931	492.402162974034	-611.936856465273	0.870212935142032
TCGA-AA-3663-01	-863.041873728458	457.204625293246	-405.837248435213	0.854912072894036
TCGA-AA-3971-01	-609.474904114754	1047.1023980089	437.627493894141	0.78430217257924
TCGA-A6-2672-01	87.4993726906296	1819.03082830547	1906.5302009961	0.633410441532213
TCGA-A6-6780-01	-425.851629447478	1425.22112978779	999.369500340315	0.730540599784305
TCGA-CM-6162-01	1371.6816691696	1696.18326039461	3067.86492956421	0.492954395200145
TCGA-CK-6747-01	-625.308997365513	307.480149722626	-317.828847642887	0.848139095616924
TCGA-A6-4107-01	-105.557069587785	780.796664233345	675.23959464556	0.762191533728421
TCGA-AA-3675-01	-819.44008692132	188.909221095295	-630.530865826025	0.871554394021688
TCGA-F4-6703-01	1682.19512946244	2381.84273569404	4064.03786515648	0.360921222709221
TCGA-AA-3877-01	73.1836079928974	1256.38921269165	1329.57282068454	0.696596896326854
TCGA-A6-6782-01	423.695254852513	993.820143557911	1417.51539841042	0.687277422897073
TCGA-A6-6653-01	-546.804786888592	497.726303640821	-49.0784832477713	0.82658536993865
TCGA-AA-3860-01	-16.2681874867941	962.832673414245	946.564485927451	0.73581163262668
TCGA-G4-6293-01	-719.084068618408	986.77745193372	267.693383315312	0.79953153059209
TCGA-G4-6298-01	-728.894031294025	-697.172677483734	-1426.06670877776	0.922743487873037
TCGA-CM-4746-01	-1322.53085640757	51.3976254571526	-1271.13323095042	0.913740355139525
TCGA-DM-A0XF-01	-666.214329617659	149.45939369519	-516.754935922469	0.863244755068355
TCGA-A6-6648-01	-1263.42451224243	-141.341694016312	-1404.76620625874	0.921533916290988
TCGA-A6-5656-01	-1000.37330565156	-311.574993716428	-1311.94829936799	0.91615814918153
TCGA-AA-3685-01	-231.609520878754	1231.8269333411	1000.21741246235	0.730455601715567
TCGA-4N-A93T-01	-1736.2197600795	-352.355944501894	-2088.5757045814	0.955805594804974
TCGA-DM-A28C-01	-1502.53718990115	-588.41137148142	-2090.94856138258	0.955907939134906
TCGA-CK-5912-01	-682.157517923405	-86.2302789059876	-768.387796829393	0.881296865821308
TCGA-AA-3516-01	-631.24550302196	870.055285393904	238.809782371944	0.802070849563005
TCGA-AD-6890-01	-632.667593842017	193.741756169871	-438.925837672147	0.857421670067738
TCGA-A6-2674-01	1090.66485822207	1465.72974881801	2556.39460704008	0.556826304676191
TCGA-F4-6461-01	-16.9055572751195	608.69583461362	591.790277338501	0.770063816730211
TCGA-AA-3662-01	-324.864955799556	902.191619590262	577.326663790706	0.771416541684305
TCGA-A6-2677-01	67.9705740882582	-118.35200066517	-50.381426576912	0.826692996413408
TCGA-AA-3673-01	-637.788527713189	346.412630192752	-291.375897520438	0.846075603233924
TCGA-AA-A02R-01	-139.773395806188	1597.77037803214	1457.99698222595	0.682948910312993
TCGA-D5-6535-01	-536.903322800667	681.524236774161	144.620913973493	0.810251115459349
TCGA-D5-6537-01	-1440.4749495115	-27.8298542703255	-1468.30480378183	0.92511533203283
TCGA-4T-AA8H-01	-1932.58190024415	-538.550802322754	-2471.1327025669	0.970799825404099
TCGA-AA-3994-01	-497.811541247631	432.631089575177	-65.180451672454	0.827913310733709
TCGA-CK-5916-01	-78.1977547814141	1400.76161825053	1322.56386346911	0.697334677294085
TCGA-RU-A8FL-01	-2167.06717302092	-678.885491189477	-2845.9526642104	0.982522793911433
TCGA-F4-6460-01	5.10121529923752	414.926597680178	420.027812979415	0.785902258637826
TCGA-AZ-4684-01	-69.1750461121353	905.074641268708	835.899595156573	0.746714500678525
TCGA-AA-3555-01	-276.411740512126	377.555818752466	101.14407824034	0.813974909359494
TCGA-CM-5344-01	-98.9914360441201	-66.7835677208471	-165.775003764967	0.836104417648255
TCGA-F4-6855-01	763.231968226502	411.074800950044	1174.30676917655	0.71276644410216
TCGA-G4-6323-01	-1637.33290010186	900.460138972019	-736.87276112984	0.879101347293807
TCGA-A6-6142-01	542.558919459077	539.549880839727	1082.1088002988	0.722193362156388
TCGA-AA-3844-01	-934.312607015598	517.962869093449	-416.34973792215	0.855711579193598
TCGA-G4-6303-01	-163.625735972932	148.682271617985	-14.9434643549462	0.823754968926241
TCGA-DM-A1HB-01	-1117.70086997204	-165.082099419654	-1282.7829693917	0.9144338083029
TCGA-D5-5539-01	32.8986900242021	682.104099717489	715.002789741691	0.75840012604923
TCGA-AA-3538-01	-324.81723836595	239.604871301927	-85.2123670640236	0.829558900037287
TCGA-AA-A03F-01	-1171.76384982764	501.778184848052	-669.985664979592	0.874379330546772
TCGA-AA-3660-01	-696.097989880807	159.412663892238	-536.685325988569	0.864717834296726
TCGA-CM-5860-01	481.011258109149	648.488295194971	1129.49955330412	0.71736423727808
TCGA-AA-3975-01	-455.628676119144	555.828464367726	100.199788248583	0.81405542056782
TCGA-AZ-6607-01	937.991420113073	1045.52378226997	1983.51520238304	0.624625672577649
TCGA-NH-A50V-01	-52.6739749905622	588.796225364278	536.122250373715	0.775251145035372
TCGA-AA-A01D-01	99.1193908812407	665.704011113528	764.823401994768	0.753613296289236
TCGA-A6-3810-01	519.570266040051	1160.36759598687	1679.93786202692	0.658793349025177
TCGA-CM-5861-01	-1187.17952465814	-0.31939000673708	-1187.49891466488	0.90868368052031
TCGA-AA-3492-01	-445.557415725526	742.881036781618	297.323621056092	0.796911636806737
TCGA-G4-6304-01	-1605.30180501001	175.484227334646	-1429.81757767536	0.922955551159702
TCGA-DM-A1D7-01	-1037.53132215833	-36.5636641301635	-1074.09498628849	0.901608486035686
TCGA-G4-6314-01	315.957349783068	219.66105910239	535.618408885458	0.775297858770703
TCGA-AA-3561-01	-887.503490093484	259.316008457497	-628.187481635987	0.871385688680164
TCGA-AA-A00U-01	-1028.38243439279	-26.6053059252909	-1054.98774031808	0.900391750319283
TCGA-AA-A02K-01	-1347.84737619287	-216.997652151236	-1564.84502834411	0.930402791852628
TCGA-DM-A288-01	-1482.80611090634	-515.757211082463	-1998.5633219888	0.951837730106444
TCGA-A6-3809-01	-27.3551703496729	1353.03225815176	1325.67708780209	0.69700706231706
TCGA-F4-6809-01	178.972056133272	894.874496481935	1073.84655261521	0.723031715397569
TCGA-CM-6675-01	-966.105922872336	-176.765676790712	-1142.87159966305	0.905929352124914
TCGA-DM-A0X9-01	-1088.13355148871	176.900394325797	-911.23315716291	0.891011133692014
TCGA-CM-5341-01	684.724562102748	1515.82036147267	2200.54492357542	0.599434688518061
TCGA-A6-3807-01	-197.560698715944	852.725167817444	655.1644691015	0.764095834440873
TCGA-AA-3489-01	1284.03490275987	1925.92675217083	3209.96165493071	0.474700740316795
TCGA-AY-A69D-01	-1089.07287150307	-166.163232086597	-1255.23610358966	0.912789764753623
TCGA-D5-6539-01	-840.606271801137	452.760150764227	-387.84612103691	0.853539071674594
TCGA-SS-A7HO-01	-1462.41745930273	-696.382847411773	-2158.8003067145	0.958785352821107
TCGA-AA-3520-01	-5.68001429823346	654.320329116202	648.640314817969	0.764713279615733
TCGA-AA-3947-01	62.9074292847944	869.301105391201	932.208534675996	0.737237023723225
TCGA-AA-3864-01	-398.851450970129	321.887327784701	-76.9641231854282	0.828882188039479
TCGA-AA-3552-01	-562.912145435186	1135.55617499953	572.644029564345	0.771853745258857
TCGA-AA-A00N-01	282.815412942754	655.642635722523	938.458048665277	0.736616916408241
TCGA-AA-3688-01	-798.224867511826	351.172565503118	-447.052302008708	0.858034928445303
TCGA-D5-6532-01	-1177.48783089274	-195.980244460307	-1373.46807535305	0.919740278215789
TCGA-AA-A01R-01	-641.164914011237	1509.91488173261	868.749967721374	0.743498468396528
TCGA-AA-A01X-01	-960.624146047768	-17.039827903587	-977.663973951355	0.89539559915991
TCGA-5M-AATE-01	-1116.54738125951	-184.306349561913	-1300.85373082142	0.915504182487945
TCGA-DM-A28K-01	-1316.29976448214	-227.107700807853	-1543.40746529	0.92924476840621
TCGA-AA-3496-01	262.13722809737	1168.77801649275	1430.91524459012	0.685847317443283
TCGA-AA-3980-01	-510.089282472625	1183.3974149503	673.308132477678	0.762375037779194
TCGA-CM-6165-01	137.262624629801	575.974928293137	713.237552922938	0.758568989803004
TCGA-F4-6459-01	384.033972255631	282.329779906085	666.363752161716	0.763034302005329
TCGA-A6-2685-01	689.960514797282	1349.00642051792	2038.9669353152	0.618248583796501
TCGA-AA-A02E-01	-1195.29893844229	55.9977945158697	-1139.30114392642	0.905707308013547
TCGA-DM-A28G-01	-1279.70313786921	-209.268858315679	-1488.97199618489	0.926262928815764
TCGA-AY-6386-01	-1026.59503613106	455.965584010541	-570.629452120524	0.867209642619201
TCGA-A6-6138-01	242.882552921637	1515.32867985987	1758.21123278151	0.650106137125836
TCGA-F4-6463-01	40.1107033914463	202.731691343831	242.842394735277	0.80171718496359
TCGA-AA-3819-01	-910.643376620334	144.380466504615	-766.262910115719	0.881149426418489
TCGA-F4-6806-01	-531.625085564033	323.94143893006	-207.683646633972	0.839463217397653
TCGA-AA-3966-01	381.063649445379	1868.21644393939	2249.28009338476	0.59369336208918
TCGA-AA-A03J-01	-523.227205338764	842.08529120979	318.858085871026	0.794998105701099
TCGA-CM-4750-01	-723.914658430952	290.362787736018	-433.551870694934	0.85701545689123
TCGA-AA-3524-01	-696.137217003717	335.371268331807	-360.765948671909	0.851461215335507
TCGA-AA-3519-01	-768.039056764848	445.353652359099	-322.68540440575	0.848516548361642
TCGA-CM-6161-01	-387.034772682153	679.127083982252	292.092311300098	0.79737528437475
TCGA-AA-3867-01	180.696005818258	443.093444239807	623.789450058065	0.767058734025696
TCGA-D5-7000-01	-282.879637410307	533.612483801714	250.732846391407	0.801024371095502
TCGA-A6-5660-01	-310.159459177638	206.763601168158	-103.39585800948	0.831046434302591
TCGA-AZ-4682-01	-1004.2861983193	68.7668529006905	-935.519345418611	0.892623880885846
TCGA-A6-5662-01	-655.045837643484	-235.330653608737	-890.37649125222	0.889617088431774
TCGA-QG-A5Z2-01	-1629.32879726064	792.922551939545	-836.406245321099	0.885971081363102
TCGA-A6-2676-01	-133.059458995102	1544.56390968823	1411.50445069313	0.687918080787839
TCGA-AA-3560-01	-423.933150987608	706.356491848722	282.423340861114	0.798231001078154
TCGA-NH-A8F7-01	-1510.32417615047	-698.576384407732	-2208.9005605582	0.960848947874968
TCGA-AA-A01Q-01	-1065.40318017509	642.175935527903	-423.22724464719	0.856233531706574
TCGA-CM-6172-01	-451.531169359865	106.602234090496	-344.928935269369	0.850239807477594
TCGA-AA-3956-01	-389.83379287452	530.93677813724	141.102985262719	0.810553655408552
TCGA-AA-3655-01	-466.40097420451	330.902776499126	-135.498197705384	0.833658166183744
TCGA-D5-6922-01	200.321075104324	324.029689374734	524.350764479058	0.776341431687187
TCGA-NH-A6GB-01	-934.965668993567	499.900441657815	-435.065227335752	0.857129904069701
TCGA-CA-6715-01	-1320.91715407731	-530.595084412532	-1851.51223848984	0.944998378141109
TCGA-F4-6856-01	-878.416115572055	211.566439616081	-666.849675955974	0.874155867542802
TCGA-A6-2679-01	-455.76203538622	1157.11811470311	701.356079316894	0.759704253985461
TCGA-G4-6586-01	-1453.72061099772	718.435036349711	-735.285574648009	0.878990276769762
TCGA-AZ-4315-01	-491.032217021186	661.108438009004	170.076220987818	0.808055539990908
TCGA-CK-4952-01	-967.327831922485	139.798037692969	-827.529794229516	0.885366094140538
TCGA-AA-3848-01	-941.370828031658	327.83692483608	-613.533903195578	0.870328408199979
TCGA-DM-A28F-01	-1300.32144019002	-189.782311215697	-1490.10375140572	0.926325526215963
TCGA-AY-A54L-01	-2042.31342028922	-650.582306584509	-2692.89572687373	0.978093128346132
TCGA-CM-6677-01	-110.091914894095	495.346326375574	385.254411481479	0.789048274384192
TCGA-AA-3553-01	-248.706760897785	939.753381379688	691.046620481902	0.760687441238769
TCGA-AU-6004-01	-16.0826434185798	1130.64356839801	1114.56092497943	0.71889024351706
TCGA-CK-4948-01	-104.920337669186	438.783277623698	333.862939954512	0.793660092339244
TCGA-AZ-6606-01	-1475.58205772507	-154.817275357516	-1630.39933308258	0.933886722449971
TCGA-A6-A565-01	108.264945245724	1744.29590934327	1852.56085458899	0.639520729006198
TCGA-AA-3710-01	-27.7409826928015	1982.56643021734	1954.82544752454	0.627908848570551
TCGA-AA-3811-01	-540.491748336566	648.830263147393	108.338514810827	0.813360990385161
TCGA-A6-6781-01	1222.27229406113	1410.27724933906	2632.5495434002	0.547506387470556
TCGA-AA-3542-01	-869.280643372041	213.188490357468	-656.092153014572	0.873387905171551
TCGA-D5-6541-01	489.853599431831	1195.26966286185	1685.12326229368	0.658220521896383
TCGA-AA-A017-01	-540.825197708366	217.210276596437	-323.61492111193	0.848588741461763
TCGA-F4-6808-01	-1312.53045076028	-279.785727969279	-1592.31617872956	0.931873271129798
TCGA-AA-3851-01	-528.572735755155	869.728344533174	341.155608778018	0.793008399451208
TCGA-CM-4747-01	-506.892267977827	228.998043381424	-277.894224596403	0.845019040634292
TCGA-NH-A6GC-01	-302.301886008735	-131.519853836742	-433.821739845477	0.857035868769848
TCGA-D5-6930-01	89.8022658909798	1062.81933550938	1152.62160140036	0.714995482105732
TCGA-G4-6307-01	-1562.43671525794	-454.368874301486	-2016.80558955942	0.952655321775594
TCGA-CM-5864-01	-1001.79661978609	224.90694241464	-776.889677371446	0.881885927405086
TCGA-AA-A00E-01	-492.494902243791	1091.20444096273	598.709538718938	0.769415457564665
TCGA-AA-3846-01	-687.909583342314	725.369771515673	37.4601881733587	0.819369551679044
TCGA-AA-3837-01	-458.566383261756	260.279591212669	-198.286792049087	0.838712857892837
TCGA-AZ-4323-01	234.154060558079	2014.32819369584	2248.48225425391	0.593787598263354
TCGA-D5-6923-01	195.0883770854	216.513022169539	411.60139925494	0.786666495160305
TCGA-CK-4950-01	-585.307902783334	973.007484987179	387.699582203845	0.788827726153108
TCGA-A6-6650-01	-827.969034260821	-116.60583682148	-944.574871082301	0.893222319175828
TCGA-DM-A1DA-01	-1387.97065465401	-282.648703221241	-1670.61935787525	0.935981462500671
TCGA-AA-3715-01	512.86887190897	1733.64414440977	2246.51301631874	0.594020158473222
TCGA-AA-3664-01	-1211.82571699211	210.263152528923	-1001.56256446318	0.896952114890748
TCGA-AA-3697-01	-817.395447494264	439.810004610103	-377.585442884161	0.852753357029496
TCGA-AA-3517-01	-582.129594695598	477.99565811934	-104.133936576258	0.831106689225753
TCGA-D5-6533-01	-614.646533798092	243.783528525571	-370.863005272521	0.852237535283045
TCGA-AA-3531-01	-1106.58411211008	-48.3157014318136	-1154.8998135419	0.906675546663015
TCGA-CM-6166-01	-784.566004860634	-629.718339542084	-1414.28434440272	0.92207552794132
TCGA-CM-6170-01	-162.009201294644	510.510295780818	348.501094486174	0.792351068078725
TCGA-AA-3979-01	-1234.30907406008	-151.275711731207	-1385.58478579128	0.92043696954155
TCGA-D5-5541-01	-42.0367128408485	738.046503361242	696.009790520394	0.760214333467248
TCGA-CK-5913-01	-354.620378395754	757.721372926741	403.100994530987	0.787436222882732
TCGA-NH-A8F8-01	-282.366412382651	218.894912553356	-63.4714998292951	0.827772591520979
TCGA-AA-3548-01	-493.566588292932	746.69900618576	253.132417892828	0.800813465795467
TCGA-AA-3554-01	297.320589472532	1553.47300711227	1850.7935965848	0.639720137397851
TCGA-A6-5665-01	-1274.50730895892	323.534459149953	-950.972849808965	0.89364418095813
TCGA-AA-A00J-01	-418.907834213556	329.413668095585	-89.4941661179707	0.829909712937738
TCGA-G4-6302-01	1005.75423420226	915.313392786058	1921.06762698832	0.631757734914391
TCGA-AA-3869-01	-269.559553373804	1060.69206379011	791.132510416303	0.751069204820661
TCGA-T9-A92H-01	-1441.98191369182	-288.059312258793	-1730.04122595061	0.939016547728469
TCGA-A6-6649-01	-160.431260334711	704.868383146322	544.437122811612	0.774479618213638
TCGA-AA-3870-01	279.032019649044	1113.46270671924	1392.49472636828	0.689940644845448
TCGA-AA-3532-01	11.8488400401719	1331.19743422672	1343.04627426689	0.695176575353799
TCGA-AA-3511-01	-43.6891057474772	221.821772335489	178.132666588012	0.807358302253671
TCGA-AA-3562-01	-404.644646355508	541.601756806206	136.957110450697	0.810909920916538
TCGA-AZ-4616-01	-672.693865321626	533.623479188668	-139.070386132959	0.833947643208028
TCGA-CM-4744-01	-1206.40648591447	693.705959412392	-512.700526502079	0.862944183975135
TCGA-AD-5900-01	-116.997945097787	976.29625668889	859.298311591103	0.74442555477176
TCGA-AA-A01G-01	-1342.96504001758	-275.502936470816	-1618.4679764884	0.933259049601144
TCGA-AZ-5403-01	6.31235958280462	294.664042573461	300.976402156266	0.796587614574224
TCGA-AA-3949-01	375.884966651118	2055.08836037923	2430.97332703035	0.57202327971783
TCGA-AA-A01K-01	-147.752418205736	527.437171893229	379.684753687494	0.789550263950244
TCGA-AU-3779-01	-130.654547046147	1042.28510518858	911.630558142433	0.739274483555558
TCGA-AY-5543-01	-1156.70562548888	503.424061662987	-653.281563825891	0.87318690280255
TCGA-AZ-4614-01	-1611.42430263303	-95.2758461918462	-1706.70014882488	0.937832864673128
TCGA-AD-6889-01	-1054.08873665502	44.4680303223428	-1009.62070633268	0.897474454403392
TCGA-AA-3973-01	-707.112242092585	-96.6856919049223	-803.797933997507	0.883741236718052
TCGA-NH-A6GA-01	-949.332624569012	-15.2098924446741	-964.542517013687	0.894536311312878
TCGA-D5-5538-01	285.452580640808	1237.4993421399	1522.9519227807	0.675953247191284
TCGA-AA-A00L-01	-1223.20976181012	-214.614679137353	-1437.82444094748	0.923407299890685
TCGA-AA-A00W-01	-1797.09166131605	-8.97699003078407	-1806.06865134684	0.94279558590583
TCGA-D5-6927-01	84.5592099499614	1215.1596110811	1299.71882103106	0.699734277714314
TCGA-NH-A50T-01	-1363.59763104616	-631.570686808041	-1995.1683178542	0.951684817541283
TCGA-AA-3833-01	-61.6242001990778	1025.94236998905	964.318169789977	0.734044365010939
TCGA-DM-A1D9-01	-1191.16246096745	-415.809223834083	-1606.97168480153	0.93265155622992
TCGA-AA-A00A-01	-398.952357243012	729.15167152068	330.199314277669	0.793987140812599
TCGA-DM-A280-01	-855.73477879037	39.7170489819416	-816.017729808428	0.884579234273704
TCGA-CA-6718-01	-189.098926834655	1503.71542729685	1314.6165004622	0.698170344258666
TCGA-D5-6531-01	-126.29804708396	750.176714354896	623.878667270936	0.767050331835724
TCGA-D5-6536-01	-304.849149813272	494.876535205047	190.027385391776	0.806326820791558
TCGA-AA-A01F-01	-1752.198416618	-208.504820712571	-1960.70323733057	0.950119122371857
TCGA-G4-6299-01	-57.3121085908128	1011.51505711898	954.202948528171	0.735051883488373
TCGA-AA-3982-01	-161.810732658507	1146.39002394574	984.579291287237	0.732021407389393
TCGA-G4-6322-01	-868.212484245247	123.595451591216	-744.617032654031	0.879642603048782
TCGA-A6-6140-01	-1274.41115488941	148.518719241587	-1125.89243564782	0.904871208960271
TCGA-G4-6309-01	-1186.10130273358	59.4116004630247	-1126.68970227055	0.904921020514594
TCGA-AA-3530-01	-1139.66201717713	480.802682937638	-658.859334239487	0.873585657941725
TCGA-AZ-6598-01	-736.670837931816	850.053313417685	113.382475485869	0.812930035849503
TCGA-AA-3950-01	499.28068523376	1797.55573580716	2296.83642104092	0.588061619423738
TCGA-CM-6167-01	1171.4256471637	1053.5171216468	2224.9427688105	0.596564276681285
TCGA-AA-A010-01	-937.232214665325	319.787025442235	-617.445189223089	0.870611008268504
TCGA-AA-3514-01	96.4130560329482	471.550907371143	567.963963404091	0.772290344691638
TCGA-AA-3989-01	-96.2558218716692	978.268443312377	882.012621440707	0.742195159353725
TCGA-CA-5796-01	-1196.47687045605	427.580877864226	-768.895992591827	0.88133211526963
TCGA-AA-A02W-01	-1072.62534900676	-252.546332866963	-1325.17168187372	0.916934424260135
TCGA-A6-2684-01	1063.8455905773	795.30067937852	1859.14626995582	0.638777285406068
TCGA-AA-3841-01	-370.409287062203	908.891237468977	538.481950406774	0.775032308678968
TCGA-CM-6678-01	-890.787048806362	-337.894756825755	-1228.68180563212	0.911190831532373
TCGA-AD-6963-01	-979.702852038832	723.002700468773	-256.700151570059	0.843351366088463
TCGA-AD-6901-01	497.962022146481	948.672143034003	1446.63416518048	0.684166325969023
TCGA-5M-AAT4-01	-1319.49619282243	-520.791574883956	-1840.28776770638	0.944458199686137
TCGA-DM-A0XD-01	-782.801298837968	-115.856721365555	-898.658020203523	0.890171618995706
TCGA-A6-6141-01	-594.35138550511	826.319151801214	231.967766296104	0.802670259002346
TCGA-AA-3681-01	-741.089979327977	896.813783534384	155.723804206407	0.809294856303488
TCGA-A6-5666-01	-1355.00336915869	-279.228754124881	-1634.23212328357	0.934087746226112
TCGA-D5-6924-01	464.139827044974	1018.20057988485	1482.34040692982	0.680334357377832
TCGA-5M-AAT6-01	346.874035389964	1454.3944575238	1801.26849291376	0.645290741363678
TCGA-AA-3509-01	-590.077460885622	572.825818546055	-17.2516423395672	0.82394701073865
TCGA-CK-6748-01	432.276533600305	564.365765095254	996.642298695559	0.730813908532932
TCGA-AA-3525-01	-978.247374620231	600.016779152353	-378.230595467878	0.852802816801193
TCGA-A6-A56B-01	-419.107456372538	-274.51746261146	-693.624918983998	0.876057840988486
TCGA-AA-3972-01	-700.444302738029	32.8983517825011	-667.545950955528	0.874205498417201
TCGA-A6-2686-01	233.144995916272	1854.88481375083	2088.0298096671	0.612572062025462
TCGA-G4-6311-01	-100.630647858024	577.527863676858	476.897215818834	0.78071308691501
TCGA-AA-3861-01	-1413.17328456258	789.260422266287	-623.91286229629	0.871077683944347
TCGA-G4-6625-01	86.4848975266059	1624.84091092041	1711.32580844702	0.655320121711422
TCGA-AD-6965-01	-864.884623122108	-153.069465642847	-1017.95408876496	0.898013314631502
TCGA-AA-A00K-01	-828.570464146117	302.385588754854	-526.184875391263	0.863942654951659
TCGA-A6-6652-01	-1360.30049481988	-450.562668332234	-1810.86316315211	0.943029972089562
TCGA-A6-A5ZU-01	144.367880139003	832.022021663696	976.389901802699	0.732839851958656
TCGA-AA-A00O-01	-11.9782091495523	314.236550259515	302.258341109962	0.796473845083001
TCGA-AA-3549-01	-675.705259706496	526.513413704469	-149.191846002027	0.834766603616595
TCGA-AA-3970-01	-860.011999046565	806.890495313148	-53.1215037334167	0.826919235173208
TCGA-AA-3930-01	-350.835662196382	948.975755656865	598.140093460483	0.769468846573272
TCGA-G4-6627-01	225.508437679673	1128.80400991765	1354.31244759732	0.693986849898552
TCGA-F4-6704-01	991.582889338987	800.440056070074	1792.02294540906	0.646326915686505
TCGA-CM-5349-01	-61.0556994489562	720.398161064996	659.342461616039	0.763700061619323
TCGA-AA-3488-01	-1122.32503268754	203.436523232875	-918.88850945466	0.891520717664637
TCGA-AA-3518-01	-768.504313010459	988.915311169086	220.410998158627	0.803680875333931
TCGA-AA-3815-01	-471.002812198664	1582.17163421428	1111.16882201561	0.719236271279477
TCGA-AA-3526-01	-418.756205535174	856.013135913857	437.256930378683	0.784335916578194
TCGA-QL-A97D-01	-1178.309025114	657.103611174932	-521.205413939066	0.863574336437749
TCGA-AA-3939-01	-562.736584440637	740.223092570674	177.486508130037	0.807414265109068
TCGA-AA-A01V-01	-1650.18125664154	393.511538990841	-1256.6697176507	0.912875693642699
TCGA-AZ-4313-01	-1035.2880834874	-52.5014212337513	-1087.78950472115	0.902476180398442
TCGA-AD-6964-01	836.48414294948	1940.81974031204	2777.30388326152	0.529603559450468
TCGA-A6-2681-01	188.509699057542	752.67457217195	941.184271229492	0.736346213063696
TCGA-A6-2671-01	135.559518556468	532.605412684788	668.164931241256	0.762863383329619
TCGA-CA-6719-01	187.744571762632	639.085024489908	826.829596252541	0.747599392722347
TCGA-CM-4751-01	-309.988144082071	916.937608992044	606.949464909974	0.768642312096721
TCGA-AA-3692-01	-360.476862398895	927.366933384283	566.890070985388	0.772390475807269
TCGA-G4-6294-01	-973.029242858365	105.370542286846	-867.658700571519	0.888089159755774
TCGA-D5-6540-01	-698.75701721833	536.569001109938	-162.188016108392	0.835815464029317
TCGA-D5-6898-01	50.2438339122044	657.382683172774	707.626517084979	0.759105407007177
TCGA-G4-6297-01	338.50704904166	734.862218771107	1073.36926781277	0.723080112022442
TCGA-AA-3821-01	-256.471902283592	554.82175430594	298.349852022348	0.79682062748455
TCGA-G4-6295-01	-797.888459527383	918.776328264971	120.887868737588	0.812287952400046
TCGA-AA-3696-01	-803.635254511161	-266.752120574032	-1070.38737508519	0.901372942311687
TCGA-AA-3976-01	-554.697161684911	261.183115580575	-293.514046104337	0.846242866239939
TCGA-AA-3866-01	393.234575787642	1613.40948592151	2006.64406170916	0.621970802150174
TCGA-AA-3862-01	-587.449285202423	1036.41871322728	448.969428024859	0.783268239215536
TCGA-AA-3855-01	-739.757621159595	737.645690638361	-2.11193052123372	0.822685654075654
TCGA-AA-A01Z-01	-1336.87390728667	-469.517681940272	-1806.39158922694	0.942811387828775
TCGA-AA-3678-01	-852.035223899184	756.780618971355	-95.254604927829	0.83038115531667
TCGA-CK-5914-01	-573.361587714743	179.716692236405	-393.644895478337	0.853982258423664
TCGA-CM-4748-01	-304.572143905084	466.174390795307	161.602246890222	0.808787692878381
TCGA-AY-6197-01	-1199.78164303189	315.4095413466	-884.372101685293	0.889214212788076
TCGA-DM-A1D4-01	-1757.72857000758	-100.131693413493	-1857.86026342107	0.945302741704855
TCGA-AA-3968-01	-105.645123348752	621.043768616241	515.398645267488	0.777169034322849
TCGA-AA-3713-01	-684.005730432983	987.774752079212	303.769021646229	0.796339739038872
TCGA-CA-5797-01	-270.464725344967	267.183917807927	-3.28080753703955	0.822783183230016
TCGA-G4-6310-01	-552.37120252857	-676.48930226401	-1228.86050479258	0.9112016379707
TCGA-A6-5657-01	38.3543608297587	691.976055508202	730.330416337961	0.756931735463702
TCGA-A6-5667-01	-416.918314857725	-95.6920064268742	-512.610321284599	0.86293749319188
TCGA-NH-A50U-01	-760.580827976814	-150.514134344296	-911.09496232111	0.891001924313453
TCGA-AA-A02J-01	-1767.77492116575	-705.304105160397	-2473.07902632615	0.970868322106573
TCGA-A6-2682-01	-19.8017427682078	762.497239415778	742.69549664757	0.755744364861613
TCGA-D5-6932-01	-209.632125410161	438.222960216861	228.5908348067	0.802965803925492
TCGA-D5-6929-01	49.8307126413651	616.174235284621	666.004947925986	0.76306834352343
TCGA-A6-2675-01	498.185582022207	981.411661147588	1479.5972431698	0.680629415871064
TCGA-A6-6654-01	1121.75687548125	1902.39849060492	3024.15536608616	0.498526533845908
TCGA-A6-A567-01	-788.085864056727	-329.210040354874	-1117.2959044116	0.904333328539441
TCGA-AA-3666-01	-702.691339582421	713.472649236269	10.7813096538474	0.82160825725236
TCGA-DM-A1HA-01	-1950.61493462785	-330.57044467	-2281.18537929785	0.96373470541431
TCGA-CA-6717-01	685.521914797289	1385.59552812719	2071.11744292448	0.614532408000966
TCGA-CM-6163-01	-33.6338743235576	855.901894720863	822.268020397305	0.748043930881665
TCGA-CM-5862-01	-518.549602920913	-451.536690179463	-970.086293100376	0.894899762877406
TCGA-D5-6534-01	1483.37604513747	2199.63518683834	3683.0112319758	0.412490044775882
TCGA-A6-6137-01	-881.601384829429	693.48336095287	-188.118023876559	0.837899061686856
TCGA-AZ-6605-01	814.178887979109	1233.05006215298	2047.22895013209	0.61729491484127
TCGA-CA-6716-01	-557.739152986251	-447.253321824347	-1004.9924748106	0.897174599698777
TCGA-AA-A01I-01	-1243.1704017459	160.196515549233	-1082.97388619667	0.902171474946259
TCGA-AA-3495-01	-783.888588781842	641.938792218083	-141.949796563759	0.834180813150155
TCGA-AA-A02F-01	-1034.0380291458	-636.163957485324	-1670.20198663112	0.935959892353902
TCGA-G4-6626-01	-1470.41242324827	-351.05752879657	-1821.46995204484	0.943546839456407
TCGA-AA-A02Y-01	-1952.75204467392	331.937526389765	-1620.81451828416	0.933382720315674
TCGA-CM-6674-01	-167.224773785183	717.905869056915	550.681095271731	0.773899489107143
TCGA-D5-6931-01	-271.543206033695	778.950920687507	507.407714653812	0.777906643752706
TCGA-QG-A5Z1-01	-359.200611689341	-159.181766737795	-518.382378427136	0.863365318504238
TCGA-AA-3556-01	-739.250187695689	512.231935205442	-227.018252490247	0.84100210263527
TCGA-AZ-4615-01	-9.32832644518444	1370.7997351015	1361.47140865632	0.69322986605147
TCGA-AA-3941-01	-1153.91604179611	-14.3204842183713	-1168.23652601448	0.907499612093151
TCGA-D5-6538-01	-1449.26869717957	-892.640803126467	-2341.90950030604	0.96607509046434
TCGA-AY-A71X-01	-2119.80053034682	-675.547632992375	-2795.3481633392	0.981113006502676
TCGA-AA-3858-01	-382.186034147822	432.782710559027	50.5966764112056	0.818262609955431
TCGA-AA-A02H-01	-855.812038772401	-68.4935487433619	-924.305587515763	0.891880629205734
TCGA-D5-6928-01	1078.28099083049	2970.65369011965	4048.93468095014	0.362987874185184
TCGA-AA-A01C-01	-271.771649571685	153.10457047267	-118.667079099015	0.832291151215384
TCGA-CM-6164-01	-613.589166710368	338.457049462534	-275.132117247835	0.844802164890207
TCGA-AA-A00Z-01	-1036.10999310671	76.6082415647704	-959.501751541937	0.894205323077829
TCGA-AA-3534-01	-646.46482108225	47.6880559715946	-598.776765110655	0.869259586198247
TCGA-A6-2678-01	-452.369046564821	601.976065526381	149.60701896156	0.809821943036359
TCGA-AA-3510-01	-537.071988595455	993.162868490985	456.09087989553	0.782617936276121
TCGA-DM-A1D6-01	-1661.55643802838	-879.692135784177	-2541.24857381255	0.973217369666755
TCGA-CM-6680-01	34.6403793396338	849.68889991935	884.329279258984	0.741967214745429
TCGA-AA-3875-01	-441.257796569807	969.252276526219	527.994479956412	0.77600419470631
TCGA-CM-5348-01	712.84732662778	1052.96969572496	1765.81702235274	0.649257411285642
TCGA-CM-6171-01	-827.426437854468	387.12739315045	-440.299044704018	0.857525383936317
TCGA-AZ-5407-01	-1355.3372899008	484.718423631239	-870.618866269564	0.888288811330787
TCGA-AA-3977-01	-381.799100045534	842.166881824759	460.367781779225	0.782226975362639
TCGA-DM-A285-01	-511.841248675615	-588.272605457624	-1100.11385413324	0.903253942232368
TCGA-AZ-6599-01	-1875.87255826922	-411.17646384032	-2287.04902210954	0.963964040608925
TCGA-QG-A5YX-01	-1630.95124918984	-255.923522596339	-1886.87477178618	0.946683423442309
TCGA-A6-3808-01	562.338627278919	1245.75537127594	1808.09399855486	0.644525025197876
TCGA-DM-A1DB-01	-1786.73211140518	-37.5680500007391	-1824.30016140592	0.943684368643236
TCGA-WS-AB45-01	1953.69017878545	2233.04639570735	4186.73657449279	0.344066836965223
TCGA-AA-A01P-01	278.761533690651	1790.27310819099	2069.03464188164	0.614773567912886
TCGA-AA-3502-01	-1351.20562398865	579.952248354039	-771.253375634609	0.881495563806842
TCGA-CA-5254-01	-412.76945635697	-37.3983357672456	-450.167792124216	0.85826971317774
TCGA-D5-5537-01	-443.440225541633	-97.5222402642787	-540.962465805912	0.865032998736241
TCGA-A6-5661-01	420.809918283603	1320.71845702032	1741.52837530393	0.651964928473315
TCGA-QG-A5YW-01	-701.822854149713	625.894544141656	-75.9283100080573	0.828797120757339
TCGA-NH-A5IV-01	-322.157357629788	995.014399681761	672.857042051973	0.762417886079925
TCGA-D5-6920-01	-715.613679607254	746.99567378477	31.3819941775157	0.819880697924658
TCGA-CK-4947-01	-164.745012541735	959.883327759546	795.138315217811	0.750680859844333
TCGA-QG-A5YV-01	-1309.87804568504	-78.2176440636526	-1388.09568974869	0.920580978336509
TCGA-A6-2683-01	-1079.20865516229	15.1765521092628	-1064.03210305303	0.900968572283602
TCGA-AA-A024-01	-1358.24476365843	-54.8614393243995	-1413.10620298283	0.922008585617989
TCGA-A6-2680-01	-524.486087672922	522.059285643889	-2.42680202903273	0.82271192881407
TCGA-AZ-6603-01	-13.0302397229072	658.429280808051	645.399041085144	0.765019772635473
TCGA-F4-6807-01	863.915316341548	1333.85296494639	2197.76828128794	0.599760874502456
TCGA-AA-3842-01	-53.4840473932621	523.711593690808	470.227546297546	0.781324498449045
TCGA-A6-6651-01	1226.93029862988	1611.42012378786	2838.35042241774	0.521981336820204
TCGA-AA-3667-01	-703.331953984432	610.522349182639	-92.8096048017926	0.830181125581752
TCGA-D5-6926-01	409.433220882277	658.122941270031	1067.55616215231	0.723669275350322
TCGA-AY-A8YK-01	-1144.9289861235	-94.5483863871372	-1239.47737251064	0.911842544265152
TCGA-CM-6676-01	-450.305488362652	-303.977931174912	-754.283419537563	0.880316602583628
TCGA-AD-6899-01	458.37652734051	1172.68796588392	1631.06449322443	0.664173554589248
TCGA-AA-3986-01	-495.069967071235	1539.68883392094	1044.6188668497	0.72598884474662
TCGA-AA-A01T-01	-1263.31494985735	31.6253719578428	-1231.68957789951	0.911372636401004
TCGA-CM-6679-01	247.932034458608	640.204569829167	888.136604287775	0.741592411462631
TCGA-F4-6570-01	459.933433365107	1647.82463972478	2107.75807308989	0.610280550247205
TCGA-CM-5868-01	-398.551787539083	25.026885064287	-373.524902474796	0.852441885530621
TCGA-CK-4951-01	255.570846051027	1317.9041729698	1573.47501902082	0.670469377485261
TCGA-G4-6320-01	-1503.70975622637	-101.447557182919	-1605.15731340928	0.932555437513697
TCGA-CA-5256-01	-716.814615409234	502.235421559802	-214.579193849432	0.840012826052828
TCGA-DM-A28E-01	-1727.85927951908	-454.015075894876	-2181.87435541396	0.959742205280452
TCGA-AA-A00Q-01	-752.565995925831	212.706143731072	-539.859852194759	0.864951784393206
TCGA-D5-5540-01	-878.40269496227	61.033183117678	-817.369511844592	0.884671760713321
TCGA-G4-6321-01	-1343.13484173402	801.116874074656	-542.017967659366	0.865110721777118
TCGA-G4-6588-01	-681.60201437201	443.305618091601	-238.296396280408	0.841896628364141
TCGA-AA-3812-01	120.320248345822	888.860894781005	1009.18114312683	0.729556350001267
TCGA-3L-AA1B-01	-584.055953908533	218.222771245606	-365.833182662927	0.851851047416071
TCGA-AA-3831-01	-581.731846626934	705.085851595182	123.354004968248	0.812076760174489
TCGA-DM-A282-01	-926.304816692528	-478.163320289001	-1404.46813698153	0.921516926168325
TCGA-AA-3680-01	-922.931520304744	582.299090651675	-340.632429653069	0.849907652746076
TCGA-AZ-4308-01	27.725815924943	586.666554557667	614.39237048261	0.767942983788286
TCGA-DM-A28H-01	-1310.13718614662	-565.95721452306	-1876.09440066968	0.94617243318505
TCGA-AA-3955-01	-1018.60763736968	91.9122445787593	-926.695392790918	0.892039229000553
TCGA-AA-3506-01	-411.349945789819	882.294574734535	470.944628944716	0.781258799087712
TCGA-AZ-6600-01	170.538440239055	757.494338708523	928.032778947578	0.737651016876174
TCGA-CM-4752-01	-183.031248883392	1009.03931024014	826.008061356744	0.747679478318705
TCGA-G4-6315-01	-1627.90898265004	-484.19029351101	-2112.09927616105	0.956815071037939
TCGA-DM-A1D8-01	-1317.35004699878	-426.182356665347	-1743.53240366413	0.939695692253373
TCGA-CM-4743-01	-832.828987982782	689.076896516138	-143.752091466644	0.834326684212629
TCGA-AD-6895-01	-348.244940903085	802.520717805386	454.275776902301	0.782783765569818
TCGA-AA-3679-01	-673.441901822439	389.66332851082	-283.77857331162	0.845480605971513
TCGA-G4-6628-01	-86.0148443666539	1725.41089813467	1639.39605376802	0.663258787332365
TCGA-AA-A004-01	-450.954174089039	891.823429691654	440.869255602615	0.784006874576618
TCGA-DM-A28A-01	-597.302975822905	-207.31310962169	-804.616085444595	0.88379743197488
TCGA-G4-6317-01	-1753.2803598665	-816.55858113882	-2569.83894100532	0.974173570318605
TCGA-A6-5664-01	495.359527452657	1090.02279002744	1585.3823174801	0.669171556625419
TCGA-AA-3952-01	-116.170268369173	416.316241881004	300.145973511831	0.796661298384056
TCGA-AZ-6608-01	-1988.12959764214	-460.581829185104	-2448.71142682725	0.970005043761415
TCGA-CK-6751-01	-151.072551310122	297.249346190323	146.176794880202	0.810117241635496
TCGA-AD-A5EK-01	-942.05102400232	-365.126786331863	-1307.17781033418	0.915877251515595
TCGA-AG-3732-01	-825.324505182138	1025.1292546322	199.804749450061	0.805477110393908
TCGA-EI-6881-01	-1147.84636143612	171.046288946122	-976.800072490003	0.895339126762388
TCGA-AG-3901-01	1007.87103170483	1486.48692114293	2494.35795284776	0.564367037430706
TCGA-CI-6623-01	-697.610518902338	294.709352919064	-402.901165983273	0.854688411271331
TCGA-AG-3902-01	-694.988260854314	1326.73004753267	631.741786678355	0.766309291987081
TCGA-EI-6508-01	-818.605825664637	-194.92162966547	-1013.52745533011	0.897727243173792
TCGA-DC-6682-01	-1185.16367697202	-133.814458097745	-1318.97813506977	0.916571263705928
TCGA-AF-6655-01	158.853900773403	200.520359533661	359.374260307064	0.791376361591864
TCGA-AG-4007-01	-127.738930669388	891.357039613123	763.618108943735	0.753729579197996
TCGA-AH-6643-01	-737.079887210437	52.9534053901557	-684.126481820281	0.875384668919992
TCGA-DY-A1DG-01	-1790.37608978968	-439.88272373366	-2230.25881352334	0.961712887158188
TCGA-AG-A01N-01	-1104.98163190753	-388.693306462831	-1493.67493837036	0.926522881008821
TCGA-AG-3887-01	-684.25418303178	540.355936242348	-143.898246789432	0.834338510922593
TCGA-AG-3611-01	-1123.17212577692	612.406197242882	-510.765928534034	0.862800656048206
TCGA-AG-A02N-01	-1379.48556395787	431.637833411777	-947.847730546097	0.893438219268479
TCGA-F5-6811-01	480.593403812438	569.781675413977	1050.37507922642	0.72540751137296
TCGA-EI-6513-01	-654.362874832701	131.829126987285	-522.533747845417	0.863672635159076
TCGA-AG-3881-01	562.640949272966	1326.3984155468	1889.03936481977	0.635395087034247
TCGA-EI-6510-01	-1709.41552939957	83.0353741404248	-1626.38015525915	0.933675605424931
TCGA-AG-3896-01	-321.980378045321	469.308068219278	147.327690173957	0.810018187102302
TCGA-AF-3911-01	-280.262008152196	299.449951695471	19.1879435432757	0.82090418916234
TCGA-EI-6506-01	-667.601023003519	690.49057079132	22.8895477878009	0.820593777853937
TCGA-AG-3584-01	-297.42945741571	556.267995970792	258.838538555083	0.800311539306701
TCGA-AG-A011-01	-695.893284049262	172.385631010714	-523.507653038548	0.863744684756258
TCGA-EI-7004-01	1597.21752812035	1150.54043728652	2747.75796540688	0.53327740525041
TCGA-AG-3598-01	-769.374172162773	786.140812736424	16.7666405736517	0.821107105103136
TCGA-EI-6514-01	-241.108370101262	135.34025674478	-105.768113356482	0.831240064695992
TCGA-EI-6512-01	-829.251650261233	272.051779089554	-557.199871171678	0.866226359468453
TCGA-G5-6572-01	54.1850353110382	-227.063597911634	-172.878562600596	0.836675968281247
TCGA-AG-A020-01	-1643.75081550985	-378.395553828915	-2022.14636933877	0.952893395262412
TCGA-F5-6813-01	-140.643643856929	603.696745978847	463.053102121918	0.781981346819179
TCGA-AG-4008-01	162.773151823808	504.109813556021	666.882965379829	0.762985037952602
TCGA-AG-3608-01	-580.584310611536	957.843293387547	377.25898277601	0.789768732117179
TCGA-AG-A032-01	-997.395922632456	52.6721599973597	-944.723762635096	0.893232145552713
TCGA-DT-5265-01	307.441895305785	639.78689210365	947.228787409436	0.735745595509365
TCGA-CI-6621-01	-49.7095055504303	828.439095038397	778.729589487967	0.752269965532369
TCGA-AF-6672-01	-1127.18517355315	17.0594448992213	-1110.12572865393	0.903883592972061
TCGA-AG-3894-01	-766.124321328447	226.09253322998	-540.031788098466	0.864964450031927
TCGA-EI-6885-01	133.20448653502	671.099142818283	804.303629353303	0.749791347290573
TCGA-AG-3581-01	-528.742101084067	589.516456505133	60.7743554210668	0.817402899300768
TCGA-AG-3892-01	-762.456079406935	1302.79798446273	540.341905055799	0.774859752705158
TCGA-AG-3883-01	496.371173822873	1153.96110208826	1650.33227591113	0.662056534666859
TCGA-AG-3593-01	-688.276725985713	874.381395186501	186.104669200788	0.806667261133273
TCGA-AF-2690-01	1543.19676023748	2090.01749555677	3633.21425579425	0.419137751191497
TCGA-AF-3400-01	1230.73661949676	2226.22478811086	3456.96140760762	0.442484523012669
TCGA-AG-3612-01	-91.9314378919848	607.512618977882	515.581181085897	0.77715217270822
TCGA-EI-6917-01	458.217759856684	1530.5889728832	1988.80673273989	0.624018912760771
TCGA-AH-6544-01	-1688.7062439487	-600.217899677495	-2288.9241436262	0.964037228516873
TCGA-DC-5869-01	-358.625252121245	54.1519767592874	-304.473275361958	0.84709887543575
TCGA-F5-6812-01	463.615753089469	897.529798274303	1361.14555136377	0.693264338623582
TCGA-AG-3599-01	-957.355947509722	629.404059684736	-327.951887824987	0.848925373342294
TCGA-DC-6156-01	983.036459483417	1549.09081572039	2532.12727520381	0.559781601223278
TCGA-EI-7002-01	-217.840254447188	221.37022058987	3.52996614268227	0.82221456307996
TCGA-DC-6157-01	-737.209019220885	-55.167800417929	-792.376819638814	0.882955439628962
TCGA-AG-3725-01	-1245.99833710051	102.830529011483	-1143.16780808903	0.905947761939345
TCGA-BM-6198-01	-29.559938621655	1190.84821560008	1161.28827697842	0.714105494523905
TCGA-DC-6160-01	-996.751644552932	571.587629756259	-425.164014796673	0.856380360959158
TCGA-AG-3575-01	223.829743485649	971.915760391297	1195.74550387695	0.710555637759736
TCGA-CL-5918-01	-1404.0345414614	78.7664482256534	-1325.26809323574	0.916940071380719
TCGA-F5-6464-01	1114.12269070925	1367.28139935846	2481.40409006771	0.565935730913398
TCGA-AG-3582-01	-376.604408032888	510.36749334742	133.763085314532	0.811184186769826
TCGA-AG-3600-01	-550.364281237666	646.070460688657	95.706179450991	0.814438336287935
TCGA-DC-4749-01	-1007.12492866799	-150.945263692749	-1158.07019236074	0.906871756936722
TCGA-AF-5654-01	-1227.65096169729	-371.185821386311	-1598.8367830836	0.932220082556351
TCGA-AG-4001-01	399.670695002212	706.55641314244	1106.22710814465	0.719740055410692
TCGA-AG-A014-01	-1106.95360392069	-239.121800299572	-1346.07540422027	0.918154523283568
TCGA-AG-3731-01	756.712529228665	1358.93117575067	2115.64370497934	0.609363171771702
TCGA-AG-3728-01	258.713894214063	1387.22050325492	1645.93439746899	0.662540212293573
TCGA-AG-3885-01	-675.386310105221	733.330509943638	57.9441998384165	0.817642146333481
TCGA-DY-A1DC-01	-451.938006652975	157.75687753164	-294.181129121335	0.846295033724858
TCGA-AH-6903-01	-1453.17959831579	-205.515550331967	-1658.69514864775	0.935363824643097
TCGA-AG-A00Y-01	-1193.94136295435	382.518734479015	-811.422628475338	0.884264449525436
TCGA-CI-6622-01	-1129.27703888699	-224.36184410285	-1353.63888298984	0.918593855812789
TCGA-G5-6235-01	-1779.3908106174	-315.740395324387	-2095.13120594178	0.956088059528443
TCGA-AG-3609-01	120.085470181158	769.934734718437	890.020204899594	0.741406899118688
TCGA-F5-6571-01	374.459196353003	1144.34320494111	1518.80240129411	0.676401995865994
TCGA-EI-6883-01	-919.318097329543	325.166165787893	-594.15193154165	0.868923781567597
TCGA-EI-6511-01	181.22290847472	1623.86695793696	1805.08986641168	0.644862122119687
TCGA-DC-6155-01	-714.21220669301	446.031220910682	-268.180985782328	0.844255760012698
TCGA-AG-3999-01	-585.267510645594	50.0822836470459	-535.185226998548	0.864607217570423
TCGA-DY-A1DD-01	-1082.3085048875	-390.800588710498	-1473.109093598	0.92538286200907
TCGA-AG-A036-01	-619.646440395632	205.399966804386	-414.246473591246	0.855551782636943
TCGA-G5-6233-01	-713.904019165663	172.373216777015	-541.530802388647	0.865074851406543
TCGA-AG-4021-01	51.4833827163268	136.751989862865	188.235372579192	0.80648237718736
TCGA-EI-6507-01	96.1506555530584	1220.8385272545	1316.98918280756	0.697920955626593
TCGA-AG-3890-01	-464.154130750364	946.325720806411	482.171590056047	0.780229052816019
TCGA-EI-6884-01	-92.8437142624594	838.286086667779	745.44237240532	0.755480254943544
TCGA-AG-A023-01	-211.889154225205	382.151024046512	170.261869821307	0.80803948589872
TCGA-AH-6547-01	472.585755774673	1785.43140750875	2258.01716328342	0.592660857030465
TCGA-AF-A56N-01	-364.910292933925	28.1778257675728	-336.732467166352	0.849605861318135
TCGA-F5-6702-01	1198.64513836925	792.670538627472	1991.31567699672	0.623731089996711
TCGA-AG-A025-01	-771.015372557375	38.3661761062551	-732.64919645112	0.878805678887363
TCGA-AG-4022-01	131.373239918114	868.721935023947	1000.09517494206	0.730467855986739
TCGA-AF-2693-01	-453.235507928872	620.835913868017	167.600405939145	0.808269580187127
TCGA-AG-A008-01	-1664.02384222715	-104.867566890123	-1768.89140911728	0.9409622860072
TCGA-AG-3587-01	-581.231742940494	349.303315567169	-231.928427373325	0.841391836494568
TCGA-AF-2691-01	-288.141792582339	921.12422486264	632.982432280301	0.766192277202179
TCGA-AH-6897-01	-1331.98860423942	-377.762222615801	-1709.75082685522	0.937988197720157
TCGA-CI-6620-01	-458.092709221665	33.1146801566672	-424.978029064998	0.856366264124874
TCGA-DY-A1DF-01	-828.193792139687	-377.239917689955	-1205.43370982964	0.909779610432451
TCGA-AG-A00C-01	-1611.4139382265	107.181650121491	-1504.23228810501	0.927104823584143
TCGA-AH-6644-01	246.372795053734	477.424583055908	723.797378109642	0.757558071178946
TCGA-EI-6509-01	-599.681582737589	-259.816043574815	-859.497626312404	0.887537859014342
TCGA-F5-6864-01	468.98703390499	553.58671138581	1022.5737452908	0.728210436007365
TCGA-AG-A002-01	-1390.62167929126	-646.37701452187	-2036.99869381313	0.953552381154543
TCGA-DC-6683-01	-442.197237628487	57.078615443095	-385.118622185392	0.853330401460133
TCGA-AG-3591-01	-1016.66159263314	354.648534392258	-662.013058240879	0.873810858713661
TCGA-AF-2692-01	-637.759674999316	273.576206009296	-364.18346899002	0.851724183493342
TCGA-AH-6549-01	-224.330742769977	125.465765671242	-98.8649770987355	0.830676330588821
TCGA-AF-A56K-01	163.696442334506	591.289398301754	754.98584063626	0.754561703687626
TCGA-CL-5917-01	-773.593785275876	-394.88244307938	-1168.47622835526	0.907514391313043
TCGA-AG-3726-01	-476.898448323824	453.276110497133	-23.622337826691	0.824476565613268
TCGA-AF-6136-01	-868.947205623473	82.8275945677494	-786.119611055723	0.882523877919842
TCGA-AG-A02X-01	-1403.00373219363	-222.416183113415	-1625.41991530705	0.933625118402986
TCGA-F5-6863-01	-834.743846666794	-614.559051874234	-1449.30289854103	0.924052691428932
TCGA-DC-5337-01	-793.881141930946	588.215890059488	-205.665251871458	0.83930217877555
TCGA-AG-A02G-01	-1523.81925372577	-76.357169290469	-1600.17642301624	0.932291228250831
TCGA-AF-2687-01	1090.70105013649	1313.49980655334	2404.20085668983	0.575242295382542
TCGA-AG-A016-01	-1377.13984626177	-641.10005433706	-2018.23990059883	0.952719315912499
TCGA-AG-A01J-01	-1346.71817718211	1.68035091017589	-1345.03782627193	0.918094166201529
TCGA-DY-A0XA-01	-944.662304321458	-197.688820755954	-1142.35112507741	0.905896999671238
TCGA-DC-6154-01	-809.010384232935	-24.775555228752	-833.785939461687	0.885792647092882
TCGA-AF-4110-01	148.836648873676	1211.89293331112	1360.72958218479	0.693308341863151
TCGA-CI-6619-01	-569.940051030928	533.670167124028	-36.2698839069002	0.825525737663922
TCGA-AG-3594-01	-592.094148643798	1526.5425560521	934.448407408304	0.737014843911718
TCGA-AG-3592-01	-561.384153168574	340.323967368652	-221.060185799922	0.840528608089946
TCGA-F5-6465-01	696.393802515749	1240.96133648224	1937.35513899799	0.629902650673362
TCGA-EF-5831-01	-174.991071826616	196.096427040697	21.1053552140818	0.820743427975016
TCGA-F5-6814-01	-484.195373393579	571.76862906455	87.5732556709705	0.815130469289741
TCGA-AG-3893-01	-82.3761641705348	464.728834621668	382.352670451133	0.78930987221096
TCGA-AG-3882-01	-158.6329203285	1625.19128237327	1466.55836204477	0.682030386240036
TCGA-CL-4957-01	-821.320685561379	-231.932094745421	-1053.2527803068	0.90028091839999
TCGA-DC-4745-01	-535.838103079521	256.864629345198	-278.973473734322	0.845103743612113
TCGA-AG-3586-01	-848.029457387232	399.801780140115	-448.227677247117	0.85812352633269
TCGA-AG-3578-01	-695.172703393141	483.165247862783	-212.007455530358	0.839807946600137
TCGA-DC-6681-01	-22.307451488554	206.619109784834	184.31165829628	0.806822781917625
TCGA-AG-A00H-01	-144.647441100915	12.3600245932794	-132.287416507636	0.833397780669648
TCGA-AG-3909-01	-575.799172896158	422.467736449693	-153.331436446465	0.835101020597803
TCGA-AG-4005-01	-290.793570748395	143.99242192763	-146.801148820765	0.834573330637662
TCGA-AG-A026-01	-866.468849994752	-470.384810470591	-1336.85366046534	0.917617337641502
TCGA-G5-6641-01	-2031.34921218546	-677.623393368053	-2708.97260555351	0.978581659371465
TCGA-EF-5830-01	-1079.05482635732	90.003872504739	-989.050953852579	0.896138608918754
TCGA-AF-3913-01	-224.60697296443	47.6898927807466	-176.917080183683	0.837000500872259
TCGA-AG-3583-01	-1075.37639372429	601.270442827775	-474.105950896516	0.860067711750389
TCGA-DY-A1DE-01	-552.606246394672	331.311118275905	-221.295128118767	0.840547291409738
TCGA-AG-A015-01	-1463.6620425212	-258.00833293663	-1721.67037545783	0.9385933084474
TCGA-F5-6861-01	-836.758179419319	-63.253746191508	-900.011925610827	0.890262151314506
TCGA-AG-3580-01	-968.997891150161	687.716798042538	-281.281093107623	0.84528478191476
TCGA-DC-6158-01	726.675951790078	1002.13606718825	1728.81201897833	0.653379149972248
TCGA-DY-A1H8-01	-1932.43561196796	-473.64186751465	-2406.07747948261	0.968464793109521
TCGA-CI-6624-01	57.5951705209461	817.6361791715	875.231349692446	0.742861900574718
TCGA-AG-3898-01	-212.551466132082	790.701739643902	578.150273511819	0.771339606008807
TCGA-AG-3574-01	-763.98190447814	230.410018288571	-533.571886189568	0.864488203647335
TCGA-AF-A56L-01	-567.82192505244	-79.031461364201	-646.853386416641	0.872726626019499
TCGA-EI-6882-01	-787.600181961549	384.340404732623	-403.259777228927	0.854715737671659
